#include<algorithm>
#include<vector>
#include<cmath>
#include<iostream>

using namespace std; 

const long double VAL[5030] = {
    1.262760,
1.262760,
1.262750,
1.262700,
1.262920,
1.262860,
1.262510,
1.262760,
1.262750,
1.262720,
1.262880,
1.262890,
1.262810,
1.262760,
1.262730,
1.262350,
1.262380,
1.262670,
1.262700,
1.262710,
1.262710,
1.262670,
1.262670,
1.262680,
1.262460,
1.262190,
1.262460,
1.262410,
1.262910,
1.262910,
1.262770,
1.262800,
1.262700,
1.263010,
1.263420,
1.263390,
1.263300,
1.263360,
1.263440,
1.263400,
1.262800,
1.262950,
1.263020,
1.262990,
1.263020,
1.263230,
1.263270,
1.262990,
1.263100,
1.263140,
1.263100,
1.263110,
1.263110,
1.263120,
1.263130,
1.263130,
1.263160,
1.263150,
1.263180,
1.263170,
1.263520,
1.263560,
1.263500,
1.263480,
1.263670,
1.263370,
1.263430,
1.263450,
1.263460,
1.263460,
1.263540,
1.263540,
1.263470,
1.263540,
1.263470,
1.263440,
1.263480,
1.263490,
1.263390,
1.263410,
1.263330,
1.263280,
1.263230,
1.263210,
1.263230,
1.263430,
1.263420,
1.263410,
1.263400,
1.263400,
1.263300,
1.263230,
1.263440,
1.263440,
1.263530,
1.263450,
1.263520,
1.263510,
1.263500,
1.263540,
1.263650,
1.263640,
1.263640,
1.263640,
1.263520,
1.263430,
1.263430,
1.263470,
1.263550,
1.263620,
1.263540,
1.263620,
1.263650,
1.263650,
1.263640,
1.263630,
1.263630,
1.263630,
1.263630,
1.263450,
1.263560,
1.263570,
1.263650,
1.263540,
1.263530,
1.263540,
1.263550,
1.263530,
1.263530,
1.263560,
1.263430,
1.263460,
1.263450,
1.263420,
1.263440,
1.263440,
1.263440,
1.263460,
1.263550,
1.263430,
1.263550,
1.263560,
1.263540,
1.263630,
1.263550,
1.263540,
1.263540,
1.263540,
1.263530,
1.263420,
1.263420,
1.263440,
1.263430,
1.263540,
1.263550,
1.263550,
1.263530,
1.263440,
1.263530,
1.263560,
1.263560,
1.263560,
1.263560,
1.263570,
1.263640,
1.263640,
1.263620,
1.263540,
1.263530,
1.263630,
1.263550,
1.263630,
1.263520,
1.263540,
1.263530,
1.263520,
1.263560,
1.263760,
1.263860,
1.263960,
1.264070,
1.264150,
1.263970,
1.264100,
1.264330,
1.264270,
1.264370,
1.264480,
1.264680,
1.264560,
1.264570,
1.264650,
1.264660,
1.264550,
1.264560,
1.264470,
1.264470,
1.264460,
1.264450,
1.264460,
1.264450,
1.264450,
1.264440,
1.264430,
1.264550,
1.264540,
1.264550,
1.264540,
1.264540,
1.264540,
1.264470,
1.264550,
1.264550,
1.264540,
1.264550,
1.264580,
1.264570,
1.264560,
1.264560,
1.264560,
1.264590,
1.264680,
1.264660,
1.264650,
1.264650,
1.264650,
1.264650,
1.264640,
1.264650,
1.264670,
1.264670,
1.264660,
1.264670,
1.264640,
1.264730,
1.264750,
1.264640,
1.264660,
1.264670,
1.264690,
1.264650,
1.264770,
1.264720,
1.264640,
1.264630,
1.264640,
1.264630,
1.264630,
1.264620,
1.264630,
1.264640,
1.264550,
1.264530,
1.264530,
1.264460,
1.264570,
1.264540,
1.264470,
1.264470,
1.264580,
1.264580,
1.264670,
1.264650,
1.264660,
1.264650,
1.264630,
1.264660,
1.264790,
1.264750,
1.264760,
1.264730,
1.264810,
1.264940,
1.264960,
1.264960,
1.265050,
1.265060,
1.265270,
1.265280,
1.265270,
1.265180,
1.265170,
1.265170,
1.265150,
1.265270,
1.265150,
1.265190,
1.265170,
1.265180,
1.265170,
1.265240,
1.265230,
1.265240,
1.265240,
1.265160,
1.265020,
1.265140,
1.265070,
1.265040,
1.264960,
1.265020,
1.264940,
1.264940,
1.264950,
1.264960,
1.265120,
1.265040,
1.265030,
1.264930,
1.264810,
1.264800,
1.264740,
1.264740,
1.264720,
1.264840,
1.264840,
1.264860,
1.264860,
1.264960,
1.264940,
1.264950,
1.264930,
1.264920,
1.264910,
1.265040,
1.265060,
1.265040,
1.265070,
1.265060,
1.265070,
1.265050,
1.264960,
1.264940,
1.264940,
1.265050,
1.265050,
1.265060,
1.264960,
1.265010,
1.265060,
1.265070,
1.265040,
1.264960,
1.265050,
1.265050,
1.265150,
1.265140,
1.265140,
1.265140,
1.265150,
1.265070,
1.265050,
1.265060,
1.265050,
1.265190,
1.265250,
1.265450,
1.265380,
1.265380,
1.265370,
1.265450,
1.265470,
1.265470,
1.265490,
1.265450,
1.265450,
1.265470,
1.265480,
1.265490,
1.265460,
1.265470,
1.265470,
1.265480,
1.265500,
1.265490,
1.265460,
1.265460,
1.265480,
1.265490,
1.265470,
1.265490,
1.265480,
1.265470,
1.265450,
1.265290,
1.265240,
1.265270,
1.265270,
1.265270,
1.265280,
1.265270,
1.265260,
1.265160,
1.265180,
1.265190,
1.265190,
1.265190,
1.265180,
1.265170,
1.265170,
1.265180,
1.265230,
1.265160,
1.265170,
1.265200,
1.265180,
1.265160,
1.265160,
1.265180,
1.265270,
1.265260,
1.265250,
1.265250,
1.265250,
1.265240,
1.265240,
1.265240,
1.265230,
1.265230,
1.265150,
1.265140,
1.265190,
1.265260,
1.265170,
1.265170,
1.265160,
1.265170,
1.265180,
1.265170,
1.265160,
1.265170,
1.265160,
1.265150,
1.265120,
1.265070,
1.264970,
1.265040,
1.265030,
1.264990,
1.264980,
1.264930,
1.264870,
1.264850,
1.264770,
1.264760,
1.264740,
1.264740,
1.264650,
1.264650,
1.264640,
1.264640,
1.264550,
1.264400,
1.264460,
1.264460,
1.264460,
1.264460,
1.264460,
1.264370,
1.264460,
1.264550,
1.264470,
1.264460,
1.264490,
1.264490,
1.264450,
1.264390,
1.264430,
1.264410,
1.264380,
1.264370,
1.264410,
1.264340,
1.264380,
1.264360,
1.264350,
1.264160,
1.264130,
1.264140,
1.264160,
1.264160,
1.264160,
1.264160,
1.264160,
1.264140,
1.264160,
1.264160,
1.264170,
1.264280,
1.264280,
1.264280,
1.264300,
1.264280,
1.264300,
1.264300,
1.264390,
1.264390,
1.264390,
1.264380,
1.264390,
1.264470,
1.264480,
1.264480,
1.264480,
1.264480,
1.264480,
1.264470,
1.264460,
1.264460,
1.264260,
1.264250,
1.264280,
1.264270,
1.264360,
1.264360,
1.264350,
1.264350,
1.264350,
1.264250,
1.264240,
1.264150,
1.264170,
1.264060,
1.264060,
1.264080,
1.264040,
1.264060,
1.264070,
1.264060,
1.264080,
1.263940,
1.263830,
1.263830,
1.263830,
1.263850,
1.263850,
1.263870,
1.263850,
1.263760,
1.263720,
1.263670,
1.263150,
1.263250,
1.263340,
1.263470,
1.263470,
1.263580,
1.263560,
1.263640,
1.263770,
1.263850,
1.263850,
1.263610,
1.263250,
1.263650,
1.263440,
1.263260,
1.263290,
1.263310,
1.263250,
1.263130,
1.263340,
1.263350,
1.263360,
1.263320,
1.263230,
1.263200,
1.263210,
1.263150,
1.263140,
1.263050,
1.263030,
1.263150,
1.263310,
1.263350,
1.262960,
1.262920,
1.262960,
1.262950,
1.263060,
1.263300,
1.263440,
1.263430,
1.263170,
1.262870,
1.262960,
1.263160,
1.263320,
1.263360,
1.263360,
1.263440,
1.263420,
1.263440,
1.263510,
1.263530,
1.263560,
1.263540,
1.263520,
1.263530,
1.263150,
1.263330,
1.263510,
1.263620,
1.263720,
1.263800,
1.263810,
1.263740,
1.264080,
1.263830,
1.263820,
1.263950,
1.264040,
1.264150,
1.264220,
1.263870,
1.264040,
1.264200,
1.263800,
1.264050,
1.264250,
1.264260,
1.264630,
1.264660,
1.264660,
1.264570,
1.264330,
1.264340,
1.264330,
1.264240,
1.264160,
1.264250,
1.264380,
1.264420,
1.264470,
1.264420,
1.264250,
1.264230,
1.264230,
1.264130,
1.264380,
1.264490,
1.264530,
1.264470,
1.264750,
1.265020,
1.265080,
1.265240,
1.265280,
1.265230,
1.265390,
1.265480,
1.265460,
1.265480,
1.265460,
1.265230,
1.265530,
1.265050,
1.265430,
1.265350,
1.265660,
1.265650,
1.265660,
1.265540,
1.265240,
1.265140,
1.265240,
1.265360,
1.265030,
1.264530,
1.264540,
1.264560,
1.264950,
1.265200,
1.265110,
1.265090,
1.265130,
1.264820,
1.264880,
1.264790,
1.264810,
1.265050,
1.265140,
1.265540,
1.265460,
1.265520,
1.265530,
1.265430,
1.265250,
1.265040,
1.264930,
1.264970,
1.264810,
1.264740,
1.264390,
1.264730,
1.264870,
1.264480,
1.264600,
1.264460,
1.264610,
1.264660,
1.264820,
1.264670,
1.264540,
1.264450,
1.264590,
1.264650,
1.264780,
1.264800,
1.264830,
1.264380,
1.264530,
1.264540,
1.264620,
1.264660,
1.264420,
1.264510,
1.264460,
1.264220,
1.263990,
1.264130,
1.264090,
1.264470,
1.264460,
1.264220,
1.263890,
1.263930,
1.264040,
1.263930,
1.263930,
1.263840,
1.263960,
1.264060,
1.264070,
1.264070,
1.264060,
1.264060,
1.264080,
1.264050,
1.264120,
1.264130,
1.264230,
1.264430,
1.264440,
1.264330,
1.264310,
1.264210,
1.264010,
1.264020,
1.263950,
1.263960,
1.263960,
1.263940,
1.263960,
1.263950,
1.263960,
1.263950,
1.263960,
1.264000,
1.264050,
1.264170,
1.264250,
1.264270,
1.264170,
1.264060,
1.264360,
1.264120,
1.264190,
1.264010,
1.263940,
1.264110,
1.264140,
1.264340,
1.264500,
1.264400,
1.264140,
1.264130,
1.264020,
1.264260,
1.264540,
1.264570,
1.264730,
1.264710,
1.264640,
1.264760,
1.265130,
1.265170,
1.265160,
1.265130,
1.265040,
1.265070,
1.265030,
1.265070,
1.264920,
1.264760,
1.264910,
1.264810,
1.264750,
1.264710,
1.264540,
1.264500,
1.264530,
1.264500,
1.264460,
1.264570,
1.264530,
1.264710,
1.264760,
1.264820,
1.264630,
1.264740,
1.264810,
1.264600,
1.264630,
1.264700,
1.264600,
1.264420,
1.264410,
1.264420,
1.264630,
1.264820,
1.264920,
1.264790,
1.264940,
1.264830,
1.264960,
1.264640,
1.264740,
1.264430,
1.264520,
1.264740,
1.264540,
1.264850,
1.264940,
1.264840,
1.264810,
1.264980,
1.264710,
1.264710,
1.264640,
1.264470,
1.264630,
1.264490,
1.264440,
1.264330,
1.264250,
1.264030,
1.264130,
1.263990,
1.264010,
1.263980,
1.263940,
1.263900,
1.263430,
1.263500,
1.263640,
1.263700,
1.263570,
1.263070,
1.263250,
1.263230,
1.263410,
1.263400,
1.263570,
1.263540,
1.263570,
1.263500,
1.263580,
1.263620,
1.263750,
1.263750,
1.263630,
1.263620,
1.263650,
1.263520,
1.263140,
1.262690,
1.262520,
1.262740,
1.262930,
1.262530,
1.262560,
1.262520,
1.262320,
1.262260,
1.262020,
1.262010,
1.261830,
1.261960,
1.261880,
1.261950,
1.262250,
1.261740,
1.261430,
1.261330,
1.261190,
1.261260,
1.261330,
1.261450,
1.261380,
1.261570,
1.261450,
1.261530,
1.261720,
1.261820,
1.261920,
1.261880,
1.261930,
1.261990,
1.262060,
1.262140,
1.262170,
1.262160,
1.262170,
1.262270,
1.262380,
1.262550,
1.262750,
1.262700,
1.262840,
1.263060,
1.262950,
1.263240,
1.263130,
1.262940,
1.262700,
1.262830,
1.262750,
1.262620,
1.262450,
1.262360,
1.262310,
1.262260,
1.262360,
1.262700,
1.262460,
1.262230,
1.262160,
1.262250,
1.262470,
1.262350,
1.262460,
1.262270,
1.262340,
1.262390,
1.262380,
1.262350,
1.262480,
1.262290,
1.262260,
1.262030,
1.262460,
1.262540,
1.262610,
1.262730,
1.262550,
1.262590,
1.262870,
1.263030,
1.263060,
1.262880,
1.262650,
1.262470,
1.262370,
1.262250,
1.262240,
1.262170,
1.262260,
1.262090,
1.261810,
1.261970,
1.262160,
1.262160,
1.262440,
1.262280,
1.262790,
1.262660,
1.262500,
1.262580,
1.262300,
1.262540,
1.262550,
1.262390,
1.262240,
1.262260,
1.262350,
1.262530,
1.262400,
1.262430,
1.262520,
1.262520,
1.262570,
1.262680,
1.262910,
1.262870,
1.263140,
1.263030,
1.262940,
1.262970,
1.263170,
1.263300,
1.263360,
1.263240,
1.263460,
1.263500,
1.263520,
1.263400,
1.263450,
1.263530,
1.263780,
1.263980,
1.264270,
1.264220,
1.263930,
1.264020,
1.264120,
1.263960,
1.263610,
1.263630,
1.263540,
1.263530,
1.264070,
1.264380,
1.264030,
1.263860,
1.263530,
1.263730,
1.263850,
1.263610,
1.263770,
1.263640,
1.263640,
1.263810,
1.263880,
1.264050,
1.263930,
1.263960,
1.264070,
1.264330,
1.264370,
1.264360,
1.264460,
1.264340,
1.264230,
1.264690,
1.264860,
1.264740,
1.264620,
1.264680,
1.264620,
1.264880,
1.264920,
1.264830,
1.264420,
1.264510,
1.264450,
1.264440,
1.264420,
1.264440,
1.264410,
1.264430,
1.264350,
1.264320,
1.263610,
1.263550,
1.264180,
1.264230,
1.264550,
1.264430,
1.264650,
1.264830,
1.264650,
1.264620,
1.264420,
1.264110,
1.263810,
1.262740,
1.262960,
1.262930,
1.263080,
1.263340,
1.263450,
1.263710,
1.263670,
1.263420,
1.263290,
1.263000,
1.263240,
1.263290,
1.263220,
1.263250,
1.263180,
1.263300,
1.263330,
1.263290,
1.263240,
1.263120,
1.262970,
1.262810,
1.262310,
1.262410,
1.262610,
1.262670,
1.262520,
1.262550,
1.262710,
1.262850,
1.262600,
1.262530,
1.262310,
1.262470,
1.262640,
1.262640,
1.262720,
1.262620,
1.262700,
1.262640,
1.262750,
1.262880,
1.262890,
1.262660,
1.262890,
1.262630,
1.262630,
1.262420,
1.262010,
1.261720,
1.261870,
1.262060,
1.262150,
1.262150,
1.261940,
1.262020,
1.261930,
1.261920,
1.261900,
1.261720,
1.261630,
1.261860,
1.261830,
1.261740,
1.261910,
1.261950,
1.261870,
1.261820,
1.261910,
1.262070,
1.262150,
1.262420,
1.262420,
1.262330,
1.262320,
1.262540,
1.262450,
1.262560,
1.262630,
1.262790,
1.262820,
1.262690,
1.262780,
1.262810,
1.262740,
1.262920,
1.262840,
1.262910,
1.262940,
1.262920,
1.262940,
1.263040,
1.262950,
1.263190,
1.263160,
1.263070,
1.263270,
1.263430,
1.263440,
1.263430,
1.263420,
1.263450,
1.263420,
1.263520,
1.263640,
1.263600,
1.263710,
1.263730,
1.263650,
1.263730,
1.263980,
1.264160,
1.264000,
1.263690,
1.263700,
1.263650,
1.263730,
1.263740,
1.263740,
1.263610,
1.263600,
1.263500,
1.263460,
1.263560,
1.263730,
1.263860,
1.263760,
1.263810,
1.263860,
1.263850,
1.263840,
1.263720,
1.263420,
1.263630,
1.264040,
1.264010,
1.263980,
1.264040,
1.264130,
1.264300,
1.264340,
1.264280,
1.264210,
1.264220,
1.264130,
1.264120,
1.264070,
1.264180,
1.264260,
1.264250,
1.264350,
1.264550,
1.264360,
1.264890,
1.265000,
1.265250,
1.265210,
1.265320,
1.265250,
1.265430,
1.265540,
1.265670,
1.265430,
1.265620,
1.265520,
1.265680,
1.265760,
1.265480,
1.265860,
1.266040,
1.266340,
1.266350,
1.266450,
1.266300,
1.266460,
1.266530,
1.266420,
1.266320,
1.266520,
1.266610,
1.266560,
1.266490,
1.265810,
1.265900,
1.266110,
1.266110,
1.266110,
1.266040,
1.266010,
1.266120,
1.266220,
1.266220,
1.266580,
1.266640,
1.266620,
1.266410,
1.266530,
1.266220,
1.266240,
1.266230,
1.266230,
1.266430,
1.266530,
1.266440,
1.266520,
1.266540,
1.266630,
1.266640,
1.266650,
1.266550,
1.266550,
1.266440,
1.266330,
1.266440,
1.266420,
1.266360,
1.266510,
1.266510,
1.266520,
1.266560,
1.266560,
1.266520,
1.266310,
1.266270,
1.266320,
1.266300,
1.266430,
1.266410,
1.266390,
1.266390,
1.266490,
1.266450,
1.266530,
1.266530,
1.266540,
1.266520,
1.266520,
1.266520,
1.266430,
1.266310,
1.266410,
1.266760,
1.266430,
1.266420,
1.266520,
1.266420,
1.266630,
1.266650,
1.266860,
1.266940,
1.267080,
1.267250,
1.267050,
1.267020,
1.267230,
1.267230,
1.267210,
1.267030,
1.267150,
1.267100,
1.267030,
1.267210,
1.267140,
1.267130,
1.267060,
1.267070,
1.267150,
1.267140,
1.267170,
1.267260,
1.267170,
1.267330,
1.267180,
1.267190,
1.267270,
1.267180,
1.267180,
1.267130,
1.267170,
1.267060,
1.267140,
1.267140,
1.267150,
1.267070,
1.266950,
1.266970,
1.266950,
1.266930,
1.266940,
1.266940,
1.266930,
1.266920,
1.266850,
1.266760,
1.266840,
1.266940,
1.266950,
1.266970,
1.266890,
1.266870,
1.266870,
1.266810,
1.266770,
1.266690,
1.266730,
1.266750,
1.266750,
1.266760,
1.266750,
1.266760,
1.266670,
1.266660,
1.266660,
1.266630,
1.266580,
1.266620,
1.266580,
1.266620,
1.266530,
1.266460,
1.266450,
1.266440,
1.266460,
1.266440,
1.266440,
1.266440,
1.266440,
1.266420,
1.266460,
1.266540,
1.266540,
1.266540,
1.266540,
1.266540,
1.266520,
1.266530,
1.266570,
1.266540,
1.266520,
1.266480,
1.266460,
1.266490,
1.266480,
1.266490,
1.266480,
1.266500,
1.266480,
1.266580,
1.266590,
1.266570,
1.266560,
1.266550,
1.266570,
1.266590,
1.266590,
1.266500,
1.266490,
1.266420,
1.266410,
1.266380,
1.266340,
1.266300,
1.266320,
1.266410,
1.266400,
1.266400,
1.266400,
1.266400,
1.266400,
1.266330,
1.266380,
1.266370,
1.266350,
1.266340,
1.266300,
1.266200,
1.266210,
1.266300,
1.266290,
1.266210,
1.266130,
1.266110,
1.266110,
1.266140,
1.266140,
1.266130,
1.266140,
1.266120,
1.266100,
1.266110,
1.266090,
1.266170,
1.266180,
1.266170,
1.266170,
1.266200,
1.266130,
1.266130,
1.266120,
1.266120,
1.266130,
1.266140,
1.266150,
1.265840,
1.265860,
1.266130,
1.266250,
1.266140,
1.265920,
1.265920,
1.266140,
1.266160,
1.266160,
1.266130,
1.266070,
1.266090,
1.266240,
1.266490,
1.266530,
1.266490,
1.266480,
1.266440,
1.266280,
1.266370,
1.266460,
1.266440,
1.266450,
1.266610,
1.266500,
1.266620,
1.266610,
1.266630,
1.266640,
1.266630,
1.266650,
1.266620,
1.266620,
1.266620,
1.266620,
1.266620,
1.266590,
1.266610,
1.266620,
1.266610,
1.266620,
1.266610,
1.266600,
1.266620,
1.266610,
1.266700,
1.266620,
1.266630,
1.266620,
1.266630,
1.266630,
1.266530,
1.266420,
1.266510,
1.266520,
1.266530,
1.266610,
1.266600,
1.266630,
1.266630,
1.266630,
1.266650,
1.266620,
1.266610,
1.266580,
1.266570,
1.266580,
1.266600,
1.266630,
1.266640,
1.266610,
1.266610,
1.266580,
1.266590,
1.266580,
1.266620,
1.266630,
1.266620,
1.266600,
1.266510,
1.266620,
1.266510,
1.266510,
1.266530,
1.266610,
1.266600,
1.266500,
1.266580,
1.266500,
1.266510,
1.266480,
1.266500,
1.266560,
1.266570,
1.266690,
1.266610,
1.266590,
1.266590,
1.266590,
1.266590,
1.266590,
1.266570,
1.266580,
1.266580,
1.266500,
1.266500,
1.266480,
1.266490,
1.266470,
1.266380,
1.266390,
1.266400,
1.266400,
1.266390,
1.266400,
1.266400,
1.266400,
1.266400,
1.266410,
1.266500,
1.266490,
1.266420,
1.266400,
1.266390,
1.266300,
1.266290,
1.266290,
1.266300,
1.266280,
1.266270,
1.266200,
1.266210,
1.266310,
1.266310,
1.266310,
1.266310,
1.266320,
1.266210,
1.266210,
1.266190,
1.266330,
1.266330,
1.266430,
1.266500,
1.266500,
1.266500,
1.266410,
1.266390,
1.266410,
1.266400,
1.266410,
1.266510,
1.266630,
1.266620,
1.266630,
1.266630,
1.266720,
1.266700,
1.266710,
1.266720,
1.266620,
1.266730,
1.266720,
1.266720,
1.266730,
1.266700,
1.266710,
1.266700,
1.266600,
1.266600,
1.266610,
1.266680,
1.266690,
1.266710,
1.266590,
1.266620,
1.266580,
1.266580,
1.266600,
1.266600,
1.266590,
1.266590,
1.266600,
1.266600,
1.266610,
1.266600,
1.266600,
1.266520,
1.266510,
1.266510,
1.266590,
1.266620,
1.266520,
1.266500,
1.266610,
1.266630,
1.266620,
1.266600,
1.266470,
1.266390,
1.266400,
1.266370,
1.266320,
1.266390,
1.266380,
1.266320,
1.266320,
1.266310,
1.266310,
1.266300,
1.266320,
1.266330,
1.266340,
1.266340,
1.266290,
1.266330,
1.266380,
1.266390,
1.266390,
1.266400,
1.266520,
1.266430,
1.266570,
1.266510,
1.266480,
1.266420,
1.266370,
1.266340,
1.266270,
1.266200,
1.266200,
1.266180,
1.266200,
1.266190,
1.266110,
1.266100,
1.266090,
1.265990,
1.265980,
1.266000,
1.265990,
1.266020,
1.266330,
1.266200,
1.266080,
1.266100,
1.266100,
1.266100,
1.266000,
1.266010,
1.265970,
1.265910,
1.266000,
1.265990,
1.266010,
1.266120,
1.266320,
1.266260,
1.266400,
1.266310,
1.266320,
1.266420,
1.266410,
1.266410,
1.266410,
1.266320,
1.266320,
1.266400,
1.266410,
1.266330,
1.266230,
1.266230,
1.266220,
1.266210,
1.266220,
1.266230,
1.266210,
1.266220,
1.266240,
1.266230,
1.266130,
1.266140,
1.266140,
1.266180,
1.266240,
1.266210,
1.266170,
1.266240,
1.266240,
1.266350,
1.266340,
1.266340,
1.266330,
1.266350,
1.266450,
1.266490,
1.266420,
1.266430,
1.266400,
1.266420,
1.266430,
1.266510,
1.266540,
1.266630,
1.266610,
1.266620,
1.266630,
1.266610,
1.266710,
1.266710,
1.266720,
1.266630,
1.266720,
1.266670,
1.266720,
1.266720,
1.266720,
1.266630,
1.266630,
1.266620,
1.266620,
1.266610,
1.266600,
1.266610,
1.266550,
1.266620,
1.266600,
1.266610,
1.266620,
1.266620,
1.266610,
1.266600,
1.266510,
1.266510,
1.266520,
1.266540,
1.266520,
1.266510,
1.266530,
1.266530,
1.266510,
1.266510,
1.266520,
1.266530,
1.266540,
1.266530,
1.266480,
1.266430,
1.266430,
1.266510,
1.266430,
1.266430,
1.266420,
1.266410,
1.266350,
1.266320,
1.266420,
1.266420,
1.266400,
1.266410,
1.266400,
1.266410,
1.266410,
1.266410,
1.266400,
1.266400,
1.266390,
1.266390,
1.266410,
1.266410,
1.266400,
1.266410,
1.266450,
1.266410,
1.266420,
1.266500,
1.266500,
1.266500,
1.266460,
1.266460,
1.266390,
1.266390,
1.266320,
1.266280,
1.266290,
1.266330,
1.266430,
1.266410,
1.266410,
1.266410,
1.266320,
1.266310,
1.266310,
1.266400,
1.266310,
1.266300,
1.266300,
1.266320,
1.266310,
1.266320,
1.266400,
1.266450,
1.266430,
1.266500,
1.266490,
1.266520,
1.266530,
1.266800,
1.266800,
1.266920,
1.267010,
1.267030,
1.267000,
1.266780,
1.266800,
1.266810,
1.266770,
1.266800,
1.266650,
1.266590,
1.266580,
1.266590,
1.266500,
1.266510,
1.266560,
1.266570,
1.266600,
1.266610,
1.266560,
1.266560,
1.266510,
1.266420,
1.266390,
1.266410,
1.266300,
1.266220,
1.266190,
1.266130,
1.266120,
1.266330,
1.266330,
1.266340,
1.266360,
1.266360,
1.266640,
1.266630,
1.266640,
1.266630,
1.266640,
1.266630,
1.266650,
1.266640,
1.266640,
1.266640,
1.266640,
1.266530,
1.266620,
1.266640,
1.266730,
1.266710,
1.266730,
1.266810,
1.266810,
1.266810,
1.266820,
1.266820,
1.266980,
1.267020,
1.267010,
1.267010,
1.267100,
1.267110,
1.267010,
1.267100,
1.267220,
1.267330,
1.267240,
1.267110,
1.267080,
1.266990,
1.266980,
1.267030,
1.267050,
1.267110,
1.266910,
1.267020,
1.266990,
1.266990,
1.267040,
1.267130,
1.267210,
1.267410,
1.267210,
1.267100,
1.267100,
1.267100,
1.267210,
1.267020,
1.266870,
1.267010,
1.266990,
1.266710,
1.266720,
1.266790,
1.266820,
1.266580,
1.266700,
1.266840,
1.267010,
1.267140,
1.267380,
1.267630,
1.268100,
1.268130,
1.268430,
1.268130,
1.267970,
1.268080,
1.267770,
1.267780,
1.267680,
1.267790,
1.268010,
1.267770,
1.267590,
1.267590,
1.267500,
1.267380,
1.267240,
1.266970,
1.266690,
1.266650,
1.267000,
1.267290,
1.267320,
1.267420,
1.267440,
1.267500,
1.267680,
1.267680,
1.267710,
1.267680,
1.267790,
1.267910,
1.267880,
1.267910,
1.267920,
1.268440,
1.268350,
1.268390,
1.268360,
1.268020,
1.267910,
1.267840,
1.267930,
1.267840,
1.267890,
1.268210,
1.268250,
1.268480,
1.268110,
1.268340,
1.268400,
1.268410,
1.268500,
1.268610,
1.268540,
1.268550,
1.268400,
1.268500,
1.268490,
1.268300,
1.268440,
1.268290,
1.268190,
1.268000,
1.268210,
1.268350,
1.268310,
1.268110,
1.267600,
1.267610,
1.267560,
1.267610,
1.267630,
1.267490,
1.267400,
1.267650,
1.267310,
1.267510,
1.267550,
1.267530,
1.267610,
1.267470,
1.267500,
1.267440,
1.267430,
1.267460,
1.267150,
1.267020,
1.266770,
1.267060,
1.267240,
1.267230,
1.267130,
1.267030,
1.266810,
1.266580,
1.266510,
1.266790,
1.266820,
1.266630,
1.265980,
1.265560,
1.265600,
1.265680,
1.265710,
1.265630,
1.265620,
1.265930,
1.266010,
1.266010,
1.265380,
1.265300,
1.265740,
1.265720,
1.265440,
1.265370,
1.265540,
1.265530,
1.265710,
1.265730,
1.265700,
1.265800,
1.265750,
1.265550,
1.265480,
1.265550,
1.265840,
1.265710,
1.265750,
1.265690,
1.265750,
1.265720,
1.265700,
1.265690,
1.265460,
1.265930,
1.265820,
1.265620,
1.265900,
1.266100,
1.266010,
1.265720,
1.265460,
1.265220,
1.265170,
1.265080,
1.264910,
1.264600,
1.264500,
1.264620,
1.264390,
1.264380,
1.264370,
1.264480,
1.264400,
1.264390,
1.264600,
1.264730,
1.264580,
1.264650,
1.264830,
1.264820,
1.264940,
1.265130,
1.265050,
1.265410,
1.265440,
1.265460,
1.265750,
1.265600,
1.265850,
1.265860,
1.265720,
1.265620,
1.265650,
1.265940,
1.265940,
1.265860,
1.265850,
1.265920,
1.265770,
1.265960,
1.266140,
1.265960,
1.265910,
1.266020,
1.265930,
1.265900,
1.266210,
1.266260,
1.266110,
1.266090,
1.265910,
1.266210,
1.266220,
1.266000,
1.266320,
1.266460,
1.266790,
1.266710,
1.266800,
1.266590,
1.266410,
1.266510,
1.266550,
1.266390,
1.266120,
1.266220,
1.266430,
1.266200,
1.266300,
1.266190,
1.266200,
1.266190,
1.266190,
1.266380,
1.266520,
1.266410,
1.266520,
1.266590,
1.267080,
1.267000,
1.266690,
1.266710,
1.266650,
1.266800,
1.266900,
1.266750,
1.266380,
1.266280,
1.266310,
1.266400,
1.266530,
1.266630,
1.266830,
1.267270,
1.267090,
1.267020,
1.267060,
1.267350,
1.267230,
1.267210,
1.267300,
1.267360,
1.267420,
1.267200,
1.267240,
1.267140,
1.267140,
1.267110,
1.267300,
1.267110,
1.267200,
1.267120,
1.267240,
1.267200,
1.267340,
1.267300,
1.267610,
1.267800,
1.267800,
1.267590,
1.267310,
1.267390,
1.267620,
1.267740,
1.267730,
1.267680,
1.267910,
1.268020,
1.268300,
1.268650,
1.268130,
1.268640,
1.268720,
1.268700,
1.268710,
1.268960,
1.268850,
1.269010,
1.268690,
1.268770,
1.268900,
1.268950,
1.268910,
1.269020,
1.269050,
1.269090,
1.269260,
1.269350,
1.269310,
1.269300,
1.269290,
1.269150,
1.269220,
1.269140,
1.269290,
1.268870,
1.268840,
1.268820,
1.268780,
1.268690,
1.268790,
1.268690,
1.268990,
1.268830,
1.268600,
1.268300,
1.268170,
1.268220,
1.268400,
1.268570,
1.268310,
1.268300,
1.268300,
1.268280,
1.268660,
1.268550,
1.268510,
1.268440,
1.268790,
1.268510,
1.268640,
1.268580,
1.268500,
1.268180,
1.268530,
1.268410,
1.268550,
1.268480,
1.268480,
1.268400,
1.268210,
1.268300,
1.268430,
1.268220,
1.268250,
1.268330,
1.268520,
1.268310,
1.268210,
1.268000,
1.268010,
1.268130,
1.268010,
1.268170,
1.268110,
1.268180,
1.268290,
1.268200,
1.267800,
1.268030,
1.267690,
1.267890,
1.267680,
1.267380,
1.267480,
1.267290,
1.267290,
1.267000,
1.266690,
1.266380,
1.266610,
1.266930,
1.266720,
1.266960,
1.267050,
1.266900,
1.267110,
1.267240,
1.267010,
1.267070,
1.267010,
1.267330,
1.267190,
1.267430,
1.267520,
1.267630,
1.267430,
1.267440,
1.267420,
1.267130,
1.267110,
1.267290,
1.267430,
1.267290,
1.267120,
1.267480,
1.267450,
1.267710,
1.267820,
1.267430,
1.267300,
1.267190,
1.267200,
1.267200,
1.267330,
1.267290,
1.267220,
1.267730,
1.267820,
1.267630,
1.267930,
1.268050,
1.268280,
1.268300,
1.267890,
1.267880,
1.267620,
1.267390,
1.267500,
1.267400,
1.267530,
1.267670,
1.267710,
1.267900,
1.268010,
1.268020,
1.267950,
1.267790,
1.267820,
1.267890,
1.267700,
1.267700,
1.267600,
1.267640,
1.267770,
1.267600,
1.267770,
1.267490,
1.267900,
1.268220,
1.268400,
1.268110,
1.268110,
1.268220,
1.267980,
1.268200,
1.268060,
1.268110,
1.268340,
1.268220,
1.268200,
1.268050,
1.268110,
1.268210,
1.268370,
1.268480,
1.268470,
1.268760,
1.268480,
1.268350,
1.268510,
1.268800,
1.268780,
1.268500,
1.268600,
1.268510,
1.268570,
1.268490,
1.270480,
1.270390,
1.269250,
1.268990,
1.268890,
1.268610,
1.269010,
1.268750,
1.268020,
1.267020,
1.267120,
1.267250,
1.267210,
1.267800,
1.267700,
1.267900,
1.268510,
1.268660,
1.268820,
1.269330,
1.269160,
1.269490,
1.269370,
1.269610,
1.269470,
1.269050,
1.268980,
1.269170,
1.269420,
1.269380,
1.269820,
1.269860,
1.269660,
1.269690,
1.269800,
1.269470,
1.268780,
1.268850,
1.268930,
1.268830,
1.268880,
1.269020,
1.269460,
1.269680,
1.269390,
1.269190,
1.269200,
1.269000,
1.268890,
1.268680,
1.268600,
1.268820,
1.269370,
1.269100,
1.268580,
1.268910,
1.268990,
1.269120,
1.269110,
1.268900,
1.268700,
1.268820,
1.267910,
1.267240,
1.267530,
1.267300,
1.267570,
1.267800,
1.267610,
1.267720,
1.267890,
1.267460,
1.267390,
1.267130,
1.267160,
1.266890,
1.266720,
1.266940,
1.266690,
1.266580,
1.266910,
1.266780,
1.266920,
1.267130,
1.267220,
1.267200,
1.267280,
1.267480,
1.267420,
1.267590,
1.267590,
1.267570,
1.267680,
1.267700,
1.267690,
1.267640,
1.267800,
1.267880,
1.267840,
1.267790,
1.267880,
1.267970,
1.268000,
1.267790,
1.267780,
1.267690,
1.267570,
1.267590,
1.267480,
1.267300,
1.267570,
1.267400,
1.267590,
1.267710,
1.267710,
1.267800,
1.267810,
1.267790,
1.267580,
1.267670,
1.267910,
1.267970,
1.267870,
1.267480,
1.267390,
1.267230,
1.267000,
1.267110,
1.267190,
1.267110,
1.267220,
1.267200,
1.267290,
1.267330,
1.267710,
1.267610,
1.267490,
1.267620,
1.267710,
1.267690,
1.267680,
1.267670,
1.267690,
1.267710,
1.267820,
1.267880,
1.268190,
1.267990,
1.268100,
1.268400,
1.268300,
1.268230,
1.268200,
1.268200,
1.268110,
1.268100,
1.268100,
1.268090,
1.268100,
1.268100,
1.268200,
1.268440,
1.268620,
1.268590,
1.268370,
1.268290,
1.268200,
1.268170,
1.268200,
1.268500,
1.268400,
1.268410,
1.268310,
1.268390,
1.268290,
1.268410,
1.268400,
1.268500,
1.268520,
1.268500,
1.268610,
1.268600,
1.268700,
1.268800,
1.268710,
1.268810,
1.268590,
1.268600,
1.268500,
1.268450,
1.268610,
1.268410,
1.268400,
1.268470,
1.268390,
1.268390,
1.268500,
1.268460,
1.268400,
1.268580,
1.268490,
1.268500,
1.268280,
1.268510,
1.268410,
1.268220,
1.268190,
1.268290,
1.268420,
1.268390,
1.268400,
1.268500,
1.268550,
1.268600,
1.268870,
1.269120,
1.269010,
1.269000,
1.269110,
1.269220,
1.269100,
1.269100,
1.269110,
1.269110,
1.269190,
1.269000,
1.269320,
1.269310,
1.269410,
1.269410,
1.269530,
1.269520,
1.269470,
1.269410,
1.269430,
1.269630,
1.269520,
1.269400,
1.269400,
1.269360,
1.269410,
1.269410,
1.269600,
1.269930,
1.269960,
1.270000,
1.270200,
1.270010,
1.270220,
1.270390,
1.270430,
1.270360,
1.270500,
1.270400,
1.270490,
1.270380,
1.270700,
1.270710,
1.270620,
1.270670,
1.270590,
1.270890,
1.270920,
1.270900,
1.271040,
1.270930,
1.270900,
1.270960,
1.270690,
1.270480,
1.270680,
1.270800,
1.271000,
1.270800,
1.270800,
1.270790,
1.270800,
1.270790,
1.271100,
1.271080,
1.271200,
1.271310,
1.271300,
1.271300,
1.271210,
1.271100,
1.270990,
1.270820,
1.270810,
1.270890,
1.270880,
1.270890,
1.270800,
1.270880,
1.270870,
1.270880,
1.270790,
1.270580,
1.270680,
1.270510,
1.270480,
1.270390,
1.270390,
1.270380,
1.270400,
1.270320,
1.270390,
1.270380,
1.270390,
1.270400,
1.270380,
1.270310,
1.270290,
1.270210,
1.270190,
1.270120,
1.270100,
1.270100,
1.270090,
1.270200,
1.270220,
1.270310,
1.270320,
1.270310,
1.270290,
1.270300,
1.270310,
1.270300,
1.270300,
1.270310,
1.270310,
1.270300,
1.270300,
1.270310,
1.270310,
1.270370,
1.270330,
1.270490,
1.270510,
1.270480,
1.270490,
1.270500,
1.270510,
1.270590,
1.270700,
1.270790,
1.270710,
1.270700,
1.270780,
1.270710,
1.270800,
1.270790,
1.270890,
1.270790,
1.271240,
1.271080,
1.271080,
1.271000,
1.271180,
1.270980,
1.270840,
1.270980,
1.270880,
1.270810,
1.270790,
1.270680,
1.270710,
1.270700,
1.270390,
1.270340,
1.270320,
1.270330,
1.270300,
1.270300,
1.270300,
1.270300,
1.270320,
1.270320,
1.270300,
1.270300,
1.270220,
1.270190,
1.270200,
1.270200,
1.270200,
1.270110,
1.270090,
1.270100,
1.270020,
1.270010,
1.270010,
1.270010,
1.270010,
1.270010,
1.269940,
1.269930,
1.269940,
1.269990,
1.269960,
1.269960,
1.269950,
1.269950,
1.269910,
1.269960,
1.270030,
1.270040,
1.270030,
1.270030,
1.269940,
1.269940,
1.270040,
1.270040,
1.270020,
1.270030,
1.270030,
1.270030,
1.269930,
1.269850,
1.269840,
1.269860,
1.269900,
1.269820,
1.269820,
1.269900,
1.269540,
1.269450,
1.268950,
1.269560,
1.269160,
1.269910,
1.269910,
1.269900,
1.269900,
1.269900,
1.269920,
1.269920,
1.269920,
1.269910,
1.269910,
1.269920,
1.269530,
1.269690,
1.269640,
1.269700,
1.269670,
1.269710,
1.269680,
1.269670,
1.269690,
1.269690,
1.269700,
1.269710,
1.269690,
1.269700,
1.269300,
1.269690,
1.269770,
1.269750,
1.269850,
1.269850,
1.269710,
1.269700,
1.269700,
1.269700,
1.269740,
1.269730,
1.269720,
1.269710,
1.269710,
1.269720,
1.269720,
1.269710,
1.269760,
1.269790,
1.269790,
1.269800,
1.269790,
1.269860,
1.269820,
1.269820,
1.269820,
1.269820,
1.269800,
1.269810,
1.269820,
1.269860,
1.269890,
1.269920,
1.269940,
1.269850,
1.269900,
1.269870,
1.269850,
1.269890,
1.269950,
1.269880,
1.269870,
1.269870,
1.269870,
1.269840,
1.269840,
1.269860,
1.269860,
1.269840,
1.269870,
1.269870,
1.269860,
1.269850,
1.269870,
1.269860,
1.269780,
1.269810,
1.269860,
1.269800,
1.269770,
1.269760,
1.269760,
1.269770,
1.269780,
1.269770,
1.269870,
1.269880,
1.269870,
1.269870,
1.269860,
1.269860,
1.269860,
1.269840,
1.269860,
1.269880,
1.269890,
1.269860,
1.269860,
1.269750,
1.269850,
1.269860,
1.269850,
1.269840,
1.269870,
1.269740,
1.269770,
1.269770,
1.269840,
1.269880,
1.269880,
1.270060,
1.270070,
1.270100,
1.270080,
1.269960,
1.269960,
1.269970,
1.269970,
1.269970,
1.269980,
1.270060,
1.270070,
1.270080,
1.270080,
1.270090,
1.270080,
1.270090,
1.270090,
1.270090,
1.270090,
1.270080,
1.270090,
1.270070,
1.270090,
1.270080,
1.270070,
1.270080,
1.270090,
1.270070,
1.270160,
1.270160,
1.270160,
1.270140,
1.270170,
1.270160,
1.270170,
1.270160,
1.270180,
1.270170,
1.270180,
1.270270,
1.270180,
1.270270,
1.270270,
1.270270,
1.270270,
1.270230,
1.270180,
1.270160,
1.270130,
1.270160,
1.270140,
1.270070,
1.270050,
1.270050,
1.270060,
1.270040,
1.270060,
1.270170,
1.270290,
1.270240,
1.270340,
1.270280,
1.270380,
1.270370,
1.270450,
1.270480,
1.270350,
1.270330,
1.270240,
1.270140,
1.270170,
1.270130,
1.270060,
1.270160,
1.270170,
1.270160,
1.270170,
1.269980,
1.270270,
1.270050,
1.270180,
1.270160,
1.270170,
1.270150,
1.270150,
1.270150,
1.270160,
1.270160,
1.270160,
1.270160,
1.270150,
1.270160,
1.270190,
1.270170,
1.270190,
1.270180,
1.270280,
1.270270,
1.270350,
1.270280,
1.270340,
1.270370,
1.270350,
1.270380,
1.270460,
1.270480,
1.270580,
1.270560,
1.270580,
1.270370,
1.270470,
1.270380,
1.270360,
1.270110,
1.270210,
1.270160,
1.270250,
1.270360,
1.270310,
1.270260,
1.270180,
1.270270,
1.270260,
1.270250,
1.270180,
1.270220,
1.270230,
1.270200,
1.270180,
1.270280,
1.270290,
1.270290,
1.270300,
1.270290,
1.270080,
1.269970,
1.270220,
1.270170,
1.270150,
1.270120,
1.270090,
1.270340,
1.270400,
1.270450,
1.270530,
1.270550,
1.270460,
1.270330,
1.270460,
1.270350,
1.270470,
1.270570,
1.270620,
1.270600,
1.270660,
1.270670,
1.270580,
1.270670,
1.270690,
1.270730,
1.270690,
1.270690,
1.270680,
1.270580,
1.270590,
1.270450,
1.270400,
1.270340,
1.270260,
1.270260,
1.270240,
1.270280,
1.270360,
1.270360,
1.270360,
1.270360,
1.270350,
1.270380,
1.270580,
1.270510,
1.270690,
1.270760,
1.270770,
1.270640,
1.270660,
1.270650,
1.270760,
1.270760,
1.270780,
1.270760,
1.270740,
1.270680,
1.270730,
1.270710,
1.270750,
1.270780,
1.270820,
1.271080,
1.271070,
1.271060,
1.271070,
1.270960,
1.270880,
1.270970,
1.271020,
1.271020,
1.270960,
1.270940,
1.270970,
1.270860,
1.270810,
1.270770,
1.270760,
1.270780,
1.270590,
1.270580,
1.270580,
1.270690,
1.270690,
1.270680,
1.270700,
1.270710,
1.270750,
1.270780,
1.270690,
1.270680,
1.270700,
1.270680,
1.270580,
1.270540,
1.270570,
1.270480,
1.270460,
1.270450,
1.270450,
1.270450,
1.270360,
1.270350,
1.270360,
1.270350,
1.270350,
1.270380,
1.270450,
1.270470,
1.270460,
1.270480,
1.270470,
1.270480,
1.270470,
1.270380,
1.270360,
1.270380,
1.270360,
1.270370,
1.270370,
1.270370,
1.270360,
1.270350,
1.270270,
1.270230,
1.270240,
1.270250,
1.270170,
1.270160,
1.270160,
1.270150,
1.270160,
1.270160,
1.270170,
1.270250,
1.270270,
1.270270,
1.270370,
1.270390,
1.270370,
1.270380,
1.270360,
1.270360,
1.270470,
1.270470,
1.270460,
1.270470,
1.270470,
1.270460,
1.270460,
1.270470,
1.270470,
1.270460,
1.270370,
1.270460,
1.270450,
1.270480,
1.270480,
1.270480,
1.270490,
1.270480,
1.270490,
1.270490,
1.270510,
1.270510,
1.270580,
1.270560,
1.270480,
1.270470,
1.270490,
1.270540,
1.270570,
1.270560,
1.270570,
1.270580,
1.270650,
1.270550,
1.270550,
1.270490,
1.270480,
1.270560,
1.270570,
1.270560,
1.270570,
1.270570,
1.270570,
1.270570,
1.270560,
1.270540,
1.270500,
1.270480,
1.270490,
1.270370,
1.270390,
1.270370,
1.270400,
1.270390,
1.270460,
1.270480,
1.270480,
1.270480,
1.270490,
1.270500,
1.270480,
1.270510,
1.270500,
1.270530,
1.270580,
1.270570,
1.270600,
1.270690,
1.270690,
1.270690,
1.270670,
1.270680,
1.270670,
1.270620,
1.270580,
1.270580,
1.270520,
1.270590,
1.270580,
1.270580,
1.270490,
1.270600,
1.270600,
1.270590,
1.270590,
1.270610,
1.270700,
1.271110,
1.271100,
1.271000,
1.270980,
1.270980,
1.270970,
1.270980,
1.270990,
1.270990,
1.271080,
1.271090,
1.271010,
1.270990,
1.271030,
1.271080,
1.271200,
1.271200,
1.271190,
1.271410,
1.271380,
1.271390,
1.271190,
1.271200,
1.271180,
1.271080,
1.271200,
1.271190,
1.271180,
1.271180,
1.271230,
1.271360,
1.271620,
1.271770,
1.271540,
1.271490,
1.271470,
1.271360,
1.271360,
1.271290,
1.271410,
1.271200,
1.271290,
1.271390,
1.271480,
1.271460,
1.271400,
1.271570,
1.271470,
1.271460,
1.271470,
1.271410,
1.271370,
1.271370,
1.271360,
1.271590,
1.271490,
1.271500,
1.271490,
1.271580,
1.271870,
1.271780,
1.271700,
1.271710,
1.271750,
1.271680,
1.271560,
1.271480,
1.271570,
1.271580,
1.271670,
1.271690,
1.271690,
1.272080,
1.272220,
1.272180,
1.272000,
1.271880,
1.271980,
1.271790,
1.271770,
1.271790,
1.271660,
1.271500,
1.271460,
1.270950,
1.270760,
1.270770,
1.270660,
1.270610,
1.270700,
1.270660,
1.270600,
1.270490,
1.270590,
1.270500,
1.270770,
1.270540,
1.270490,
1.270460,
1.270410,
1.270440,
1.270460,
1.270270,
1.270370,
1.270450,
1.270400,
1.270300,
1.270270,
1.270000,
1.269970,
1.269990,
1.270000,
1.270010,
1.270180,
1.269690,
1.269840,
1.270130,
1.270070,
1.270090,
1.269930,
1.270280,
1.270400,
1.270520,
1.270390,
1.270400,
1.270380,
1.270440,
1.270370,
1.269760,
1.269590,
1.269570,
1.269510,
1.269780,
1.269670,
1.269380,
1.269530,
1.269430,
1.269690,
1.269270,
1.269230,
1.269320,
1.269300,
1.269390,
1.269730,
1.269510,
1.269560,
1.269580,
1.269480,
1.269660,
1.269820,
1.269910,
1.270060,
1.270050,
1.270070,
1.269680,
1.269590,
1.269630,
1.269590,
1.269460,
1.269500,
1.269550,
1.269260,
1.269390,
1.269590,
1.269790,
1.269880,
1.270200,
1.270200,
1.270140,
1.270220,
1.270410,
1.270200,
1.269960,
1.270100,
1.270070,
1.270240,
1.270540,
1.271070,
1.271100,
1.271180,
1.271430,
1.271890,
1.271480,
1.271580,
1.271390,
1.271400,
1.271210,
1.271120,
1.271020,
1.271070,
1.270880,
1.270960,
1.271380,
1.271290,
1.271160,
1.271190,
1.271180,
1.271460,
1.271560,
1.271620,
1.271380,
1.271210,
1.271250,
1.271350,
1.271550,
1.272180,
1.272200,
1.271780,
1.271790,
1.271770,
1.271680,
1.272310,
1.271980,
1.271830,
1.271890,
1.271990,
1.271880,
1.271790,
1.271850,
1.272010,
1.271770,
1.271590,
1.271860,
1.271890,
1.271680,
1.271700,
1.271980,
1.271560,
1.271560,
1.271790,
1.271780,
1.271580,
1.271490,
1.271370,
1.271690,
1.271680,
1.271490,
1.271560,
1.271550,
1.271590,
1.271680,
1.271370,
1.271560,
1.271720,
1.271580,
1.271920,
1.271880,
1.271900,
1.271750,
1.271800,
1.271790,
1.271800,
1.271770,
1.271450,
1.271810,
1.271880,
1.271860,
1.271900,
1.271760,
1.271570,
1.271650,
1.271450,
1.271470,
1.271470,
1.271600,
1.271700,
1.271680,
1.271490,
1.271640,
1.271910,
1.271620,
1.271630,
1.271620,
1.271620,
1.271460,
1.271380,
1.271470,
1.271340,
1.271190,
1.271290,
1.271250,
1.271150,
1.271270,
1.271090,
1.270890,
1.270960,
1.271090,
1.271160,
1.271170,
1.271520,
1.271400,
1.271360,
1.271310,
1.271370,
1.271280,
1.271280,
1.271390,
1.271360,
1.271250,
1.271320,
1.271390,
1.271530,
1.271190,
1.271170,
1.271130,
1.271280,
1.271170,
1.271180,
1.271160,
1.271170,
1.271090,
1.271090,
1.271250,
1.271300,
1.271330,
1.271290,
1.271480,
1.271390,
1.271260,
1.270880,
1.270790,
1.270890,
1.271070,
1.271080,
1.270880,
1.270850,
1.271050,
1.271090,
1.270840,
1.270800,
1.270840,
1.270810,
1.270790,
1.270730,
1.270770,
1.270750,
1.270880,
1.270900,
1.271090,
1.271190,
1.271290,
1.271480,
1.271490,
1.271630,
1.271540,
1.271700,
1.271550,
1.271370,
1.271100,
1.270740,
1.271010,
1.270920,
1.270810,
1.270810,
1.270760,
1.271010,
1.271080,
1.271250,
1.271050,
1.270960,
1.270890,
1.270890,
1.271060,
1.271260,
1.271100,
1.271080,
1.271020,
1.270990,
1.270890,
1.270880,
1.270960,
1.270980,
1.271070,
1.271100,
1.271070,
1.271000,
1.271070,
1.271070,
1.270970,
1.270860,
1.270920,
1.270970,
1.270850,
1.270780,
1.270820,
1.270080,
1.269770,
1.270060,
1.270290,
1.270190,
1.270490,
1.270600,
1.270720,
1.270580,
1.270400,
1.270190,
1.270280,
1.270610,
1.270570,
1.270370,
1.270610,
1.270630,
1.270420,
1.270360,
1.270390,
1.270490,
1.270590,
1.270460,
1.270470,
1.270300,
1.270220,
1.270260,
1.270180,
1.270070,
1.269780,
1.269580,
1.269800,
1.269810,
1.270000,
1.269790,
1.269870,
1.269970,
1.269890,
1.269690,
1.269700,
1.269910,
1.270290,
1.270010,
1.269990,
1.271190,
1.271870,
1.271850,
1.272380,
1.272460,
1.272590,
1.273350,
1.273170,
1.273170,
1.273490,
1.274150,
1.274070,
1.273880,
1.273930,
1.273870,
1.273570,
1.273450,
1.273850,
1.274080,
1.274260,
1.273740,
1.273720,
1.274060,
1.274060,
1.274270,
1.273860,
1.273670,
1.273680,
1.273970,
1.273550,
1.273730,
1.274000,
1.273730,
1.273630,
1.273780,
1.273450,
1.273300,
1.273320,
1.273860,
1.273520,
1.273290,
1.273070,
1.273350,
1.273380,
1.273310,
1.273470,
1.273180,
1.273330,
1.273390,
1.273380,
1.273370,
1.273350,
1.273370,
1.273540,
1.273570,
1.273930,
1.274090,
1.274040,
1.274110,
1.273930,
1.274070,
1.274090,
1.274160,
1.274160,
1.273880,
1.273870,
1.273820,
1.273740,
1.273530,
1.273290,
1.273110,
1.273130,
1.272950,
1.272590,
1.272270,
1.272460,
1.272520,
1.272720,
1.272790,
1.272700,
1.272850,
1.272990,
1.273010,
1.273040,
1.272780,
1.272780,
1.272810,
1.272840,
1.272950,
1.273030,
1.272740,
1.272710,
1.272770,
1.272570,
1.272780,
1.272810,
1.272890,
1.272850,
1.272710,
1.272570,
1.272610,
1.272670,
1.272780,
1.272960,
1.272620,
1.271020,
1.271370,
1.271680,
1.272100,
1.271990,
1.272440,
1.272380,
1.272170,
1.272120,
1.272300,
1.272160,
1.271820,
1.271850,
1.271820,
1.272040,
1.272390,
1.272610,
1.273510,
1.273560,
1.273560,
1.273070,
1.273070,
1.272870,
1.272790,
1.273040,
1.272970,
1.272820,
1.272870,
1.273160,
1.272850,
1.272550,
1.272450,
1.272780,
1.273260,
1.272990,
1.272930,
1.272660,
1.272320,
1.272370,
1.272600,
1.272370,
1.272520,
1.272670,
1.272860,
1.272880,
1.272950,
1.272780,
1.272550,
1.272580,
1.272370,
1.272240,
1.272590,
1.272900,
1.272900,
1.272120,
1.271910,
1.272350,
1.273110,
1.272890,
1.273200,
1.273100,
1.272970,
1.272680,
1.272800,
1.272720,
1.272670,
1.272370,
1.272200,
1.272400,
1.272360,
1.272390,
1.272510,
1.272570,
1.272600,
1.272400,
1.272240,
1.272380,
1.272210,
1.271970,
1.271880,
1.271760,
1.271750,
1.271710,
1.271470,
1.271370,
1.271380,
1.271510,
1.271470,
1.270850,
1.270580,
1.270690,
1.270930,
1.270970,
1.270890,
1.270810,
1.270890,
1.270990,
1.270300,
1.270500,
1.270600,
1.270710,
1.271010,
1.271200,
1.270990,
1.271000,
1.271210,
1.271170,
1.271090,
1.271020,
1.271190,
1.271310,
1.271170,
1.270720,
1.270600,
1.270940,
1.271020,
1.270680,
1.270400,
1.270470,
1.270490,
1.270210,
1.270000,
1.269570,
1.269600,
1.269720,
1.269700,
1.269890,
1.269900,
1.270000,
1.269900,
1.269640,
1.269770,
1.269520,
1.269770,
1.269870,
1.269840,
1.269760,
1.269640,
1.269570,
1.269700,
1.269700,
1.269880,
1.269770,
1.269770,
1.269750,
1.269790,
1.269790,
1.270160,
1.269780,
1.270040,
1.270080,
1.270030,
1.269980,
1.270080,
1.269890,
1.269940,
1.270100,
1.269950,
1.269960,
1.269960,
1.270010,
1.269870,
1.269900,
1.269860,
1.269720,
1.269460,
1.269470,
1.268580,
1.268900,
1.268660,
1.268880,
1.268780,
1.268770,
1.268860,
1.268950,
1.268990,
1.269180,
1.269100,
1.269160,
1.269060,
1.268960,
1.269090,
1.269200,
1.269110,
1.269160,
1.269240,
1.269120,
1.269090,
1.268890,
1.268920,
1.268850,
1.268970,
1.269070,
1.269080,
1.269060,
1.269060,
1.269180,
1.269100,
1.268970,
1.269180,
1.269300,
1.269280,
1.269180,
1.269090,
1.269100,
1.269210,
1.269320,
1.269410,
1.269380,
1.269390,
1.269500,
1.269470,
1.269510,
1.269580,
1.269710,
1.269380,
1.269390,
1.269440,
1.269390,
1.269370,
1.269260,
1.269380,
1.269460,
1.269470,
1.269460,
1.269470,
1.269470,
1.269360,
1.269480,
1.269380,
1.269380,
1.269200,
1.269310,
1.269280,
1.269190,
1.269500,
1.269450,
1.269490,
1.269690,
1.269860,
1.270060,
1.270190,
1.270270,
1.269970,
1.269970,
1.269970,
1.269970,
1.269970,
1.270100,
1.269980,
1.269980,
1.269980,
1.269970,
1.269980,
1.269990,
1.269990,
1.269790,
1.269780,
1.269680,
1.269570,
1.269410,
1.269680,
1.269610,
1.269670,
1.269720,
1.269570,
1.269590,
1.269680,
1.269630,
1.269580,
1.269690,
1.269790,
1.269780,
1.269690,
1.269880,
1.269760,
1.269590,
1.269510,
1.269400,
1.269190,
1.269040,
1.268960,
1.268890,
1.268980,
1.268830,
1.268980,
1.268900,
1.268860,
1.268890,
1.268850,
1.268880,
1.268970,
1.269010,
1.269190,
1.269260,
1.269530,
1.269400,
1.269400,
1.269490,
1.269200,
1.269400,
1.269520,
1.269390,
1.269490,
1.269500,
1.269550,
1.269530,
1.269480,
1.269490,
1.269400,
1.269460,
1.269280,
1.269290,
1.269280,
1.269280,
1.269240,
1.269230,
1.268990,
1.269020,
1.269080,
1.268980,
1.268960,
1.268930,
1.268670,
1.268890,
1.268870,
1.268900,
1.268850,
1.268860,
1.268970,
1.269110,
1.269110,
1.269310,
1.269260,
1.269180,
1.269380,
1.269400,
1.269400,
1.269300,
1.269380,
1.269280,
1.269280,
1.269280,
1.269410,
1.269250,
1.269410,
1.269290,
1.269180,
1.269180,
1.269280,
1.269240,
1.269170,
1.269070,
1.268940,
1.268980,
1.268900,
1.268830,
1.268700,
1.268630,
1.268670,
1.268770,
1.268700,
1.268720,
1.268720,
1.268710,
1.268640,
1.268760,
1.268700,
1.268690,
1.268700,
1.268690,
1.268620,
1.268610,
1.268610,
1.268690,
1.268700,
1.268700,
1.268800,
1.268670,
1.268720,
1.268710,
1.268710,
1.268720,
1.268700,
1.268680,
1.268670,
1.268690,
1.268700,
1.268720,
1.268700,
1.268660,
1.268640,
1.268590,
1.268590,
1.268280,
1.268390,
1.268310,
1.268300,
1.268300,
1.268310,
1.268300,
1.268310,
1.268310,
1.268310,
1.268320,
1.268310,
1.268310,
1.268310,
1.268140,
1.268220,
1.268160,
1.268180,
1.268150,
1.268090,
1.268090,
1.268070,
1.268060,
1.268050,
1.268110,
1.268330,
1.268320,
1.268310,
1.268240,
1.268240,
1.268440,
1.267940,
1.267910,
1.267900,
1.267910,
1.268050,
1.268050,
1.268400,
1.268570,
1.268560,
1.268570,
1.268570,
1.268570,
1.268560,
1.268230,
1.268230,
1.268420,
1.268230,
1.268230,
1.268230,
1.268230,
1.268230,
1.268230,
1.268230,
1.268230,
1.268230,
1.268450,
1.268450,
1.268450,
1.268450,
1.268430,
1.268500,
1.268660,
1.268530,
1.268520,
1.268580,
1.268550,
1.268640,
1.268590,
1.268590,
1.268440,
1.268400,
1.268310,
1.268300,
1.268360,
1.268360,
1.268360,
1.268310,
1.268340,
1.268340,
1.268370,
1.268370,
1.268570,
1.269010,
1.268650,
1.268800,
1.268830,
1.268800,
1.268950,
1.268970,
1.268980,
1.268990,
1.268990,
1.268980,
1.268920,
1.268900,
1.268970,
1.268980,
1.268970,
1.269010,
1.268990,
1.269070,
1.269030,
1.269010,
1.269040,
1.268930,
1.268940,
1.268980,
1.268970,
1.268970,
1.268940,
1.268940,
1.268930,
1.268930,
1.268940,
1.268950,
1.269020,
1.268930,
1.268950,
1.268950,
1.269030,
1.269050,
1.269050,
1.269060,
1.269070,
1.269050,
1.269110,
1.269040,
1.269100,
1.269020,
1.269040,
1.268830,
1.268820,
1.268860,
1.268960,
1.268960,
1.269000,
1.268970,
1.268950,
1.269030,
1.268960,
1.268960,
1.268980,
1.268960,
1.268950,
1.268960,
1.268950,
1.268950,
1.269070,
1.269050,
1.269060,
1.269230,
1.269140,
1.269140,
1.269150,
1.269190,
1.269140,
1.269150,
1.269150,
1.269130,
1.269160,
1.269040,
1.269040,
1.269070,
1.269040,
1.269040,
1.269040,
1.269040,
1.269040,
1.269050,
1.269060,
1.269050,
1.269030,
1.269030,
1.269040,
1.269030,
1.268920,
1.268930,
1.268930,
1.268850,
1.268840,
1.268820,
1.268830,
1.268840,
1.268830,
1.268840,
1.268830,
1.268840,
1.268840,
1.268830,
1.268860,
1.268830,
1.268830,
1.268840,
1.268820,
1.268840,
1.268820,
1.268820,
1.268800,
1.268720,
1.268740,
1.268740,
1.268730,
1.268740,
1.268750,
1.268730,
1.268580,
1.268670,
1.268680,
1.268770,
1.268740,
1.268840,
1.268750,
1.268850,
1.268840,
1.268830,
1.268830,
1.268860,
1.268910,
1.268920,
1.268920,
1.268900,
1.268920,
1.268920,
1.268970,
1.268940,
1.269020,
1.269040,
1.268950,
1.268940,
1.268940,
1.268960,
1.268960,
1.268860,
1.268850,
1.268860,
1.268880,
1.268870,
1.268860,
1.268870,
1.268860,
1.268920,
1.268900,
1.268960,
1.268960,
1.268940,
1.268950,
1.268930,
1.268920,
1.268870,
1.268920,
1.268930,
1.268940,
1.268930,
1.268950,
1.268930,
1.268920,
1.268930,
1.268760,
1.268740,
1.268440,
1.268430,
1.268490,
1.268420,
1.268410,
1.268420,
1.268360,
1.268340,
1.268440,
1.268320,
1.268320,
1.268240,
1.268350,
1.268360,
1.268350,
1.268340,
1.268300,
1.268250,
1.268240,
1.268250,
1.268260,
1.268270,
1.268160,
1.268250,
1.268360,
1.268370,
1.268460,
1.268510,
1.268540,
1.268470,
1.268470,
1.268510,
1.268490,
1.268500,
1.268500,
1.268530,
1.268540,
1.268550,
1.268530,
1.268420,
1.268410,
1.268430,
1.268440,
1.268340,
1.268350,
1.268360,
1.268360,
1.268350,
1.268340,
1.268340,
1.268340,
1.268440,
1.268430,
1.268520,
1.268530,
1.268450,
1.268440,
1.268450,
1.268550,
1.268550,
1.268540,
1.268550,
1.268550,
1.268450,
1.268470,
1.268350,
1.268450,
1.268440,
1.268430,
1.268370,
1.268260,
1.268360,
1.268370,
1.268360,
1.268440,
1.268430,
1.268350,
1.268350,
1.268360,
1.268350,
1.268350,
1.268340,
1.268330,
1.268360,
1.268360,
1.268340,
1.268340,
1.268340,
1.268320,
1.268330,
1.268330,
1.268330,
1.268350,
1.268340,
1.268340,
1.268350,
1.268350,
1.268370,
1.268460,
1.268460,
1.268460,
1.268460,
1.268440,
1.268440,
1.268450,
1.268340,
1.268340,
1.268350,
1.268360,
1.268360,
1.268360,
1.268350,
1.268360,
1.268360,
1.268370,
1.268460,
1.268470,
1.268490,
1.268560,
1.268580,
1.268600,
1.268490,
1.268530,
1.268540,
1.268630,
1.268780,
1.268780,
1.268740,
1.268670,
1.268370,
1.268570,
1.268570,
1.268560,
1.268560,
1.268570,
1.268640,
1.268660,
1.268760,
1.268770,
1.268840,
1.268870,
1.268870,
1.268860,
1.268870,
1.268870,
1.268860,
1.268850,
1.268860,
1.268770,
1.268770,
1.268780,
1.268670,
1.268780,
1.268770,
1.268850,
1.268940,
1.268870,
1.268680,
1.268740,
1.268640,
1.268640,
1.268900,
1.268880,
1.268870,
1.268960,
1.268870,
1.268900,
1.268890,
1.268940,
1.268920,
1.268950,
1.268970,
1.268990,
1.268780,
1.268860,
1.268750,
1.268770,
1.268740,
1.268760,
1.268760,
1.268660,
1.268640,
1.268730,
1.268760,
1.268690,
1.268750,
1.268660,
1.268680,
1.268660,
1.268580,
1.268540,
1.268640,
1.268640,
1.268660,
1.268640,
1.268570,
1.268720,
1.268700,
1.268640,
1.268540,
1.268650,
1.268650,
1.268660,
1.268650,
1.268570,
1.268570,
1.268650,
1.268630,
1.268640,
1.268660,
1.268760,
1.268630,
1.268550,
1.268550,
1.268560,
1.268660,
1.268650,
1.268640,
1.268660,
1.268650,
1.268660,
1.268660,
1.268670,
1.268660,
1.268650,
1.268690,
1.268750,
1.268750,
1.268750,
1.268760,
1.268750,
1.268760,
1.268750,
1.268750,
1.268750,
1.268750,
1.268760,
1.268760,
1.268750,
1.268750,
1.268750,
1.268750,
1.268770,
1.268760,
1.268760,
1.268790,
1.268880,
1.268950,
1.268840,
1.268800,
1.268750,
1.268770,
1.268760,
1.268750,
1.268680,
1.268670,
1.268760,
1.268770,
1.268850,
1.268860,
1.268850,
1.268850,
1.268840,
1.268870,
1.268950,
1.268940,
1.268950,
1.268940,
1.268930,
1.268940,
1.268930,
1.268940,
1.268840,
1.268750,
1.268740,
1.268740,
1.268770,
1.268790,
1.268780,
1.268770,
1.268840,
1.268850,
1.268870,
1.268830,
1.268860,
1.268840,
1.268880,
1.268830,
1.268820,
1.268880,
1.268830,
1.268850,
1.268860,
1.268870,
1.268850,
1.268870,
1.268930,
1.268920,
1.268920,
1.268870,
1.268860,
1.268860,
1.268860,
1.268870,
1.268860,
1.268590,
1.268360,
1.268370,
1.268500,
1.268540,
1.268320,
1.268320,
1.267930,
1.267820,
1.267570,
1.267620,
1.267650,
1.267540,
1.267580,
1.267650,
1.267550,
1.267880,
1.268070,
1.267960,
1.268000,
1.268040,
1.268030,
1.268060,
1.267960,
1.267970,
1.267970,
1.267970,
1.268060,
1.267770,
1.267770,
1.267810,
1.267720,
1.267540,
1.267760,
1.267560,
1.267530,
1.267350,
1.267540,
1.267530,
1.267610,
1.267540,
1.267520,
1.267350,
1.267350,
1.267370,
1.267380,
1.267460,
1.267650,
1.267650,
1.267480,
1.267450,
1.267240,
1.267330,
1.267380,
1.267580,
1.267550,
1.267540,
1.267830,
1.267800,
1.267550,
1.267430,
1.267130,
1.267220,
1.267330,
1.267220,
1.267130,
1.267020,
1.266980,
1.266990,
1.267160,
1.266980,
1.267110,
1.267130,
1.267260,
1.267070,
1.266970,
1.266850,
1.267110,
1.266910,
1.267280,
1.267370,
1.267450,
1.267610,
1.267760,
1.267910,
1.267940,
1.267940,
1.267940,
1.267960,
1.267950,
1.267950,
1.267980,
1.268000,
1.268080,
1.267950,
1.267900,
1.267880,
1.268110,
1.268330,
1.268220,
1.268230,
1.268130,
1.268000,
1.268030,
1.268120,
1.268160,
1.268170,
1.268250,
1.268200,
1.268240,
1.268060,
1.268120,
1.268160,
1.268180,
1.268090,
1.268090,
1.268020,
1.268020,
1.268240,
1.268250,
1.268360,
1.268480,
1.268560,
1.268850,
1.268870,
1.268860,
1.268970,
1.269250,
1.269070,
1.269060,
1.269360,
1.269140,
1.269090,
1.269140,
1.269150,
1.269050,
1.269120,
1.268930,
1.268880,
1.268830,
1.268650,
1.268570,
1.268560,
1.268660,
1.268640,
1.268680,
1.268680,
1.268650,
1.268960,
1.269100,
1.269320,
1.269200,
1.269250,
1.269150,
1.269160,
1.269040,
1.269190,
1.269200,
1.269160,
1.269200,
1.269350,
1.269360,
1.269370,
1.269370,
1.269470,
1.269550,
1.269560,
1.269230,
1.269170,
1.268970,
1.268860,
1.268610,
1.268050,

};



class linetrader{
    
    public:

    double trader(int today);
    
    double perc_change(double prev, double today);
    
    int getnode(vector<double> line, int day);
    
};

int linetrader :: getnode(vector<double> line, int day){ 
    double change = 0;
    int node; 
    
    for( int i = day; i>0; i--){
        change = line[i]-line[i-1]; 
        
        if(change == 0){
            node = i; 
            break;
        }
    }
    double perc = perc_change(VAL[node],VAL[day]); 
    if(perc>0) {
        return (1*node);
    }
    if(perc<0){
        return (-1*node); 
    }
}



double linetrader :: trader(int today){ 
     //determine long or short -> p 
     //determine share count   -> c 
     //return p*c 
     
     double p = 0;
     double c = 0;
     
     int node; 
     
     const double MAXLOT = 10000;
     const double MAX = .00255;
     
    if(today == 0){
        return 1;
    }
    

     long double st = VAL[0];
     long double deltax = 1;
     long double deltay; 
     
     
     vector<double> velocity; 
     velocity.clear(); 
     vector<double> acceleration; 
     acceleration.clear();
     vector<double> jerk;
     jerk.clear();
     
     
     
     for(int i  = 1; i<today; i++) {
        deltay = VAL[i]-VAL[i-1]; 
        velocity.push_back(deltay);
     }
     
     
     for(int i = 1; i<today; i++) {
         deltay = velocity[i]-velocity[i-1];
         acceleration.push_back(deltay);
    }
    
    double shares = fabs(deltay); 
    c = (shares/MAX)*MAXLOT;
    
    if(deltay>0){
        p = 1.0;
    }
    
    if(deltay<0){
        p = -1.0;
    }
    
    node = getnode(velocity,today); 
    if(node>0 && p<0){
        p =1.0;
    }
    else if(node<0 && p>0){
        p = -1.0; 
    }
    
   
    for(int i = 1; i<today; i++) { 
        deltay = acceleration[i]-acceleration[i-1];
        jerk.push_back(deltay);
    }
    
    
    
    
    return p*c;
}



double linetrader :: perc_change(double prev, double today){
    return (today-prev)/prev; 
}


int main(){
    
 linetrader x;
 
 double position, pnl=0; 
 
 
 for(int i=1;i<5030;i++){
     
    position = x.trader(i-1);
    
    if(position>0)
    {
        pnl += x.perc_change(VAL[i-1],VAL[i]) * position * VAL[i-1];
    }
    
    if(position<0)
    {
        pnl += x.perc_change(VAL[i-1],VAL[i])*(position) * VAL[i-1]; 
    }
    
    cout<<pnl<<", ";
    
 }
 
  
 return 0;   
}
